19175 35895 25215 87312 78694
31483 48775 89334 48585 56113
21882 44487 41216 80150 04007
54742 08337 57280 94803 31175
80241 76748 79756 78603 97588
40029 76086 90533 09700 63173
25810 05127 71360 49329 48834
06990 29875 18246 70279 60031
33032 73699 10063 66180 32542
28591 71549 14397 98871 73213
56492 57481 03453 25143 04230
23264 62811 54057 18643 19916
21662 46066 21512 07095 30989
70494 52878 72230 21894 68593
27648 53329 65529 72295 45906
05744 45640 24529 25226 60732
61871 04432 71227 58536 64640
59951 64599 42479 32250 55415
99141 65222 57782 17943 78590
89516 47135 79259 85311 32444
88878 01351 67817 23047 83132
71939 90587 14792 28576 15876
22989 20595 66686 28454 25115
19353 83288 45883 90666 95708
25507 69504 39935 49291 89324
10547 71697 12146 43512 02559
35662 38785 85578 13796 20746
21558 70891 96878 06977 16490
22851 92259 50646 22439 80397
04712 23384 82531 49837 30475
69669 98282 66560 06302 11732
87262 60482 40720 61639 43012
69415 89271 40921 16664 31516
48339 36187 62513 76150 44032
23499 16690 38518 77575 10532


































